114
0          0.0000000 0.3263218 0.2948095 0.6647458 0.8833777 1.2338906 1.7168517 1.6668830 1.6849107 1.7082983 1.6872076 1.4924050 1.5486704 1.5428386 1.5992152 1.5575013 1.6188017 1.7160942 1.5931165 1.6811945 1.8668956 1.6074741 1.6192113 1.6899190 1.6483802 1.6554090 1.6797212 2.2002207 2.1030779 2.1861939 2.1879475 2.1585655 2.1715121 2.0720999 2.0774118 2.0127242 2.0023102 2.2692738 2.1446238 2.7621222 2.4127171 3.2313673 3.1586076 3.2177645 3.2391473 3.2386977 3.1354098 3.2602592 3.2864528 3.3405795 3.3082023 3.2826667 3.2440661 3.1805660 3.2013041 3.8860970 3.5596933 3.1089538 3.1920666 3.1880608 3.1774527 3.0402450 3.2236717 3.4095652 3.2479762 3.2992774 3.3498640 3.4686546 3.3511226 3.5360624 3.9104231 3.5459686 3.5743233 3.5271356 3.6819065 3.9058195 3.3852180 3.1692033 2.5513748 2.8508357 2.2981863 2.4944499 2.4943314 2.5028278 2.2458427 2.3280638 2.5947786 2.6328733 2.5796766 2.2918224 2.3372906 2.3372906 2.3372906 2.3372906 2.5185794 2.5075949 2.4019705 2.5185794 2.2603615 2.3265761 2.2783429 2.4623116 2.6621689 2.6089074 2.5381591 2.6419459 2.5323235 2.5176898 2.6289076 2.6441918 2.4592992 2.7551384 2.3045756 2.6183513 
1          0.3263218 0.0000000 0.1568100 0.6187718 0.8732191 1.2161313 1.9001295 1.7859258 1.9188256 1.7299442 1.7254537 1.5677020 1.6055901 1.5731981 1.6491911 1.5785498 1.5947971 1.6507128 1.6083512 1.8637819 1.8216498 1.7346844 1.6412402 1.6922182 1.6831413 1.8074680 1.7364163 2.1931315 2.1585578 2.2634286 2.2651665 2.2050874 2.2694428 2.1328615 2.1542444 1.9929170 1.9765486 2.1250196 2.0778765 2.8295431 2.2582447 3.1711751 3.0965051 3.1375603 3.1451320 3.1405297 3.1349769 3.2175364 3.2027514 3.2282679 3.1074966 3.1330849 3.3352940 3.1904086 3.1869288 3.8196238 3.6042001 3.2488637 3.3334803 3.2892147 3.2639875 3.1249356 3.3301333 3.5451975 3.2228326 3.2734622 3.6406032 3.1296470 3.2995413 3.1855621 3.5410790 3.1715786 3.3056130 3.6427983 3.6030679 4.1478160 3.5025210 2.9713276 2.7823206 2.7520836 2.2288778 2.4594820 2.5504225 2.5250216 2.1231496 2.2834960 2.6983133 2.9123298 2.8442137 2.3437854 2.6172146 2.6172146 2.6172146 2.6172146 2.7196837 2.7087292 2.6404632 2.7196837 2.2420183 2.3311367 2.3108732 2.5368644 2.7766044 2.7424963 3.0033812 2.7256787 2.6471969 2.6321489 2.7982574 2.8143771 2.9008256 2.7668989 2.3849756 2.7321489 
2          0.2948095 0.1568100 0.0000000 0.6374046 0.9007121 1.2635459 2.0089274 1.8534751 1.9947744 1.8516807 1.8760797 1.5947948 1.5902198 1.6043161 1.6305982 1.6102300 1.6733933 1.7442844 1.7532409 1.8560509 1.8716803 1.7459909 1.7298208 1.7282380 1.8848619 1.8840903 1.7603422 2.2631038 2.2174583 2.2838840 2.2856276 2.2607329 2.3129858 2.1250208 2.3307040 2.0849068 2.0865815 2.1896395 2.2728214 2.9718385 2.6091916 3.3077348 3.2132120 3.2869039 3.2949027 3.2645294 3.3249431 3.3927033 3.3632078 3.3764111 3.2732580 3.3010641 3.4498984 3.3054550 3.3016598 4.0075236 3.7392957 3.4145504 3.5111108 3.4725444 3.6068651 3.3621721 3.5341716 3.8161669 3.4263875 3.4815689 3.6911927 3.2791356 3.5665193 3.7606144 4.3220911 3.5463772 3.6009450 3.7783907 3.5909853 4.5327022 3.3655868 3.0545601 2.5358007 2.6265273 2.1615454 2.3502252 2.4974061 2.4638495 2.1061821 2.3626064 2.6406127 3.0099113 2.9574157 2.5032986 2.8172804 2.8172804 2.8172804 2.8172804 2.9487359 2.9546873 2.8580692 2.9487359 2.4889790 2.5445106 2.4980650 2.6121735 2.8339532 2.8058633 2.9464953 2.7600832 2.6813508 2.6661854 2.8047987 2.8207988 3.0706337 2.7335115 2.4195252 2.7474620 
3          0.6647458 0.6187718 0.6374046 0.0000000 0.8920412 1.2015796 1.7706027 1.8177232 1.9313159 1.8469970 1.8566990 1.6938050 1.7318899 1.6725248 1.7469920 1.8508742 1.8730744 1.4513547 1.5355559 1.6422218 1.7948080 1.7186795 1.3934564 1.3206053 1.3890285 1.4670659 1.4026574 2.5613681 2.4037801 2.3486685 2.3534731 2.3640434 2.3824312 2.3863260 2.3746900 2.2035665 2.2176988 2.1602605 2.3454298 2.6933923 2.3297200 4.5268496 4.4886074 4.6003540 4.5430463 4.5894939 4.5650698 4.7254908 4.7510108 4.6932279 4.5665283 4.6398960 4.5650161 4.5610299 4.5563733 5.6409138 5.1782058 4.6907074 4.8097700 4.8437984 4.8843087 4.9192313 5.1409525 5.3623832 5.0957446 5.1409391 5.6357811 4.4907253 4.8314271 4.4953082 5.0204043 3.9233456 3.9897192 5.5878373 4.8506143 5.0262332 4.7808348 2.9036837 2.3050887 2.6736549 2.1515056 2.2924789 2.2234180 2.1882093 2.2305229 2.2795950 2.5880244 2.9766602 2.9239593 2.8039220 2.8191129 2.8191129 2.8191129 2.8191129 2.9226714 2.9226264 2.8580582 2.9226714 2.6191440 2.6546278 2.5891412 2.5800989 2.6014003 2.5915780 2.6592254 2.4857144 2.4330408 2.4361842 2.5617366 2.5584134 2.2592599 2.5163850 2.1519107 2.7639379 
4          0.8833777 0.8732191 0.9007121 0.8920412 0.0000000 1.2106062 1.7585323 1.6978739 1.9369206 1.8376058 1.8342091 1.7808500 1.8023928 1.7310312 1.7124715 1.7964161 1.7802000 1.7428060 1.7663618 1.7550436 1.8973793 1.7743341 1.6094403 1.5422166 1.7020337 1.7770545 1.6311911 2.4370074 2.2902061 2.3921263 2.3938499 2.3454745 2.3457976 2.3565548 2.3451694 2.1252697 2.1438890 2.1235247 2.2449288 2.7872930 2.4331028 3.3889240 3.3147530 3.2907983 3.2137631 3.3266060 3.2911809 3.3360118 3.3709987 3.3807495 3.3331910 3.3214143 3.4011940 3.2213155 3.2594252 4.1335026 3.6225784 3.3190872 3.3763093 3.3055165 3.3754391 3.5538533 3.6929232 4.0025875 3.7634201 3.7753520 4.1362357 3.2585437 3.5109253 3.4889384 3.7120690 3.2104737 3.1508322 3.8955081 3.4892963 3.8521394 3.8570273 2.9850963 2.5400445 2.7178448 2.0807046 2.2475718 2.1996472 2.2362027 2.3166597 2.5577722 2.4161949 3.1752051 3.1158114 2.8746127 3.0338488 3.0338488 3.0338488 3.0338488 3.1607412 3.1381265 3.1052993 3.1607412 2.9631785 2.9758511 2.8946489 2.8657207 2.9202308 2.9138185 2.9653661 2.7294312 2.6939305 2.6974173 2.8909248 2.8871521 2.5950782 2.6833625 2.6634033 2.8237920 
5          1.2338906 1.2161313 1.2635459 1.2015796 1.2106062 0.0000000 2.1990255 2.0844481 2.7016396 2.3368598 2.3716256 2.1045613 2.1417971 2.1094849 2.0204763 2.1892435 2.3042561 2.1861276 2.1852455 2.2867446 2.3300897 2.1288859 1.8225859 1.9578905 2.0127173 2.1705075 2.0740125 2.6742363 2.6694866 2.5383265 2.5451761 2.4918555 2.4824952 2.5254876 2.4391462 2.4970047 2.4510595 2.2902203 2.7549894 3.1380628 2.5860420 4.5089631 4.4214208 4.3538502 4.3177490 4.3704360 4.4128595 4.3968406 4.4250217 4.4593519 4.4585124 4.5047652 4.6845436 4.4979021 4.5782258 5.5728012 5.1596452 4.3579755 4.3109527 4.2552652 4.5420736 3.9503074 4.3100024 4.7725936 4.2031255 4.2085058 4.9841623 4.2773275 4.6115430 4.1160896 4.5754562 3.7539286 3.9776152 4.5819733 4.0385487 4.6766801 4.3585184 3.1937105 2.3989479 2.9275248 2.4311691 2.5298595 2.2526159 2.3111043 2.4419361 2.4873288 2.6948563 3.2616011 3.1719705 2.6557674 2.8429520 2.8429520 2.8429520 2.8429520 3.0615906 3.0076423 2.9064924 3.0615906 2.7654856 2.7591111 2.7003978 2.6318720 2.7572631 2.7243837 2.7776474 2.7057522 2.6004757 2.6038711 2.8381681 2.8344377 2.6778148 2.9953469 2.6415516 3.1970151 
6          1.7168517 1.9001295 2.0089274 1.7706027 1.7585323 2.1990255 0.0000000 0.4692569 0.5767871 1.1529731 1.1491946 1.0560539 1.0327940 1.0059687 1.0620960 1.1852243 1.1637969 1.3731179 1.4796674 1.3141496 1.2042231 1.2255489 1.3701424 1.5101298 1.5409374 1.4899937 1.4659045 2.1944921 1.9400053 1.9464849 1.9441846 1.9781607 1.9339892 1.9830322 2.0784219 1.8502007 1.8270236 2.1992762 2.1465053 2.8987349 2.3809586 2.7447694 2.7293942 2.7296810 2.7193210 2.8213447 2.7310269 2.7463779 2.7856875 2.8133732 2.8296720 2.8099404 2.9059445 2.7610690 2.8111653 3.0843634 2.8375175 2.8705333 2.9058261 2.9701247 2.7934945 2.7821012 2.9824401 3.2416258 2.8669113 2.9054921 3.1015264 2.9715989 3.3512656 2.9297995 2.9873847 2.9235584 2.9438966 3.2673653 3.0228132 3.3168866 3.0236646 2.8087458 2.8254632 3.0494922 2.3390250 2.5767990 2.8507534 2.7901870 2.3931344 2.5207180 2.6721600 2.8338107 2.7437864 2.3272049 2.6262371 2.6262371 2.6262371 2.6262371 2.7648674 2.7390948 2.6973084 2.7648674 2.4843566 2.4337670 2.4331270 2.4258223 2.6195098 2.5785227 2.7285274 2.6348132 2.6042239 2.5978014 2.8033927 2.8103429 2.9673994 2.9097116 2.6279311 2.7703961 
7          1.6668830 1.7859258 1.8534751 1.8177232 1.6978739 2.0844481 0.4692569 0.0000000 0.5978195 1.0996482 1.1054271 1.0126331 1.0394855 1.0116728 1.0523226 1.1858139 1.0768190 1.2901565 1.3489174 1.2261389 1.2581569 1.1609032 1.2547909 1.2958497 1.3336147 1.4101796 1.4439417 2.1804413 1.8126057 1.8464047 1.8444128 1.8752641 1.8457859 1.8837098 1.8706814 1.7569513 1.7475455 2.0605518 1.9156858 2.6787242 2.2497566 2.3383851 2.3214104 2.3094024 2.3354933 2.3234180 2.4061329 2.3410406 2.3398542 2.3376771 2.3316959 2.3323588 2.4204533 2.3600249 2.3791211 2.5378021 2.4350281 2.5663650 2.5223080 2.5732606 2.4776025 2.4960903 2.6910062 2.9847588 2.5165082 2.5371724 2.9037870 2.5043141 2.9758477 2.4087280 2.4919636 2.6055282 2.6695558 2.9582654 2.6678568 3.1245175 2.8050352 2.8652830 2.6346149 2.6442057 2.1578922 2.4790605 2.3410363 2.2336636 2.2090055 2.1992953 2.3276247 2.6847250 2.6117834 2.3733619 2.6836410 2.6836410 2.6836410 2.6836410 2.8033870 2.7729267 2.7443038 2.8033870 2.5328533 2.5632943 2.5267446 2.5003956 2.7604625 2.7225838 2.6890837 2.7213881 2.6869283 2.6903081 2.7889680 2.7854830 2.7029108 2.6095478 2.5425321 2.6374825 
8          1.6849107 1.9188256 1.9947744 1.9313159 1.9369206 2.7016396 0.5767871 0.5978195 0.0000000 1.0479090 1.0456681 1.1358806 1.0789714 1.0802883 1.1034622 1.1798374 1.0442123 1.2696284 1.2870011 1.1504178 1.0757271 1.0437357 1.4048551 1.4795880 1.3274220 1.3272041 1.4128647 2.2362388 1.8844152 1.8574446 1.8554363 1.7780275 1.7346128 1.8943480 2.0728244 1.8524399 1.8546020 2.3447149 1.6811577 2.3976133 2.1005820 2.3750218 2.3531919 2.3545928 2.3611583 2.3901599 2.4428907 2.3531578 2.3921310 2.3904029 2.4125022 2.4132003 2.4199116 2.3889671 2.3957381 2.7363757 2.4530679 2.5667253 2.5491501 2.6759408 2.6238630 2.4419176 2.5921023 2.8256290 2.4835233 2.4922067 2.6870754 2.6931116 3.0131635 2.7107355 2.7705936 2.8351508 2.8027940 3.0120203 2.6828553 2.9010052 2.8882378 2.6637614 2.7615787 2.7685849 2.2554412 2.7027568 2.8748926 2.7611115 2.7015908 2.6983543 2.3389416 2.7109886 2.6377337 2.4755094 2.7700040 2.7700040 2.7700040 2.7700040 2.9696034 2.9258728 2.8528746 2.9696034 2.4213364 2.4873015 2.4679455 2.8562055 3.1531900 3.0983611 3.1338878 2.7828340 2.7285471 2.7440489 2.9545528 2.9377022 2.8884063 2.8732732 2.7144780 2.5576829 
9          1.7082983 1.7299442 1.8516807 1.8469970 1.8376058 2.3368598 1.1529731 1.0996482 1.0479090 0.0000000 0.0182425 0.3636979 0.3505713 0.3493328 0.3507606 0.3489265 0.2901212 0.4538247 0.5314163 0.4849151 0.5291526 0.4566335 0.8007138 0.8498751 0.8019264 0.8143911 0.8426815 1.6520236 1.4508543 1.4814634 1.4849691 1.4263916 1.4458169 1.3951053 1.7057054 1.5086861 1.5150862 1.7898057 1.5067470 1.9929335 1.7407240 2.5376441 2.4756170 2.4254100 2.4498033 2.4747154 2.4156080 2.4568642 2.4265041 2.4633287 2.4698015 2.4535551 2.4200859 2.3644737 2.4022135 2.6826902 2.5690767 2.5071793 2.4860574 2.5772482 2.6071988 2.4456062 2.5670387 2.7450008 2.4488139 2.4730595 2.8491142 2.4101964 2.9346575 2.6852914 2.8034731 2.4992951 2.6617172 2.5790922 2.6915961 3.4094513 2.5881996 2.6870232 3.1660272 3.4665721 2.9387771 2.9625304 3.2823136 3.1681398 2.4720907 2.7175931 3.1148729 2.5640942 2.5343493 2.3082060 2.5362440 2.5362440 2.5362440 2.5362440 2.6266670 2.6129879 2.5458698 2.6266670 2.4288074 2.3900950 2.3360967 2.7478482 3.0416084 2.9853021 2.8304605 2.8304628 2.7587820 2.7430259 2.9068835 2.9236951 2.9327321 2.5616165 2.5668811 2.4025249 
10         1.6872076 1.7254537 1.8760797 1.8566990 1.8342091 2.3716256 1.1491946 1.1054271 1.0456681 0.0182425 0.0000000 0.3655613 0.3533495 0.3464209 0.3538044 0.3460005 0.2880773 0.4594584 0.5272527 0.4802858 0.5254565 0.4532669 0.8112945 0.8524731 0.7963362 0.8002433 0.8176673 1.6467558 1.4375843 1.4384057 1.4418488 1.3889051 1.4076728 1.3655858 1.6439085 1.5070376 1.5172832 1.7679155 1.4765893 1.9473519 1.7524427 2.5401380 2.4781244 2.4279085 2.4523085 2.4772212 2.4250292 2.4143791 2.4179340 2.4463986 2.4527606 2.4367033 2.4036441 2.3645136 2.4022079 2.6722592 2.5805338 2.5290651 2.4910008 2.5909964 2.6513462 2.4649901 2.5864332 2.7678768 2.4755141 2.5000454 2.8974195 2.4321002 2.9131122 2.6736855 2.7874256 2.5408863 2.6521767 2.5749047 2.6968840 3.4249923 2.5997340 2.5994319 3.1487282 3.5002757 2.9874637 3.0366522 3.2960623 3.2030809 2.4955739 2.7236414 3.0867384 2.5210937 2.4916755 2.3501206 2.5719933 2.5719933 2.5719933 2.5719933 2.6634606 2.6496651 2.5816350 2.6634606 2.4857051 2.4459144 2.3909617 2.6685052 2.9069045 2.8633098 2.8828510 2.7786135 2.7082273 2.6928746 2.8532255 2.8695998 2.9183978 2.5732318 2.5906634 2.4124309 
11         1.4924050 1.5677020 1.5947948 1.6938050 1.7808500 2.1045613 1.0560539 1.0126331 1.1358806 0.3636979 0.3655613 0.0000000 0.1008360 0.1047806 0.0639993 0.2097763 0.3059067 0.4880167 0.5252354 0.5489332 0.5634563 0.5359841 0.7970388 0.7765805 0.7607395 0.7627500 0.8490998 1.6881146 1.5003931 1.5773214 1.5809940 1.5390496 1.5159467 1.5299424 1.7213735 1.4912666 1.4831089 1.6543666 1.7017977 2.2644616 1.9292972 2.9571482 2.9135866 2.8930185 2.9195264 2.9798753 2.9570891 3.0177026 3.0619618 3.0893943 3.0187358 3.0308861 3.0012956 2.9689847 2.9643071 3.1463459 3.0075145 2.8498180 2.8673078 2.9627503 2.7996498 2.7072306 2.8530937 2.9893634 2.7314338 2.7615314 2.9101036 2.7415107 3.1921033 2.8569538 3.0021571 2.5901992 2.8485341 2.8560496 2.7874085 3.7585798 2.8784344 2.8333246 2.6423948 3.1727336 2.5386529 2.7102452 2.7584003 2.6331977 2.4689852 2.6414621 2.8722732 2.7902296 2.7201464 2.4167720 2.5960723 2.5960723 2.5960723 2.5960723 2.7265360 2.6957381 2.6268549 2.7265360 2.5583348 2.5531056 2.5269041 2.6954202 2.8082253 2.7648506 2.7457401 2.8002057 2.7301604 2.7143377 2.8478295 2.8645457 2.6971900 2.3624499 2.4799437 2.4727503 
12         1.5486704 1.6055901 1.5902198 1.7318899 1.8023928 2.1417971 1.0327940 1.0394855 1.0789714 0.3505713 0.3533495 0.1008360 0.0000000 0.0456485 0.0985437 0.2127031 0.2991621 0.5051518 0.5566493 0.5452057 0.5450990 0.5141833 0.7645770 0.7352475 0.7501650 0.7367081 0.8006327 1.6104307 1.4864857 1.5288984 1.5325000 1.4975671 1.4871910 1.4761439 1.6551692 1.4326739 1.4249102 1.6841300 1.6956632 2.2059153 1.7719409 2.8140818 2.7454008 2.7069406 2.7309212 2.7852900 2.7578847 2.8369191 2.8199145 2.8870675 2.8014511 2.7818503 2.7829615 2.7180776 2.7369396 2.9710918 2.8772967 2.7526634 2.7636275 2.9368934 2.6826484 2.5888020 2.7531068 2.9265630 2.5912197 2.6193506 2.8729158 2.5909331 3.1117347 2.7781206 2.9350147 2.5483388 2.7792003 2.7123533 2.6223483 3.5995247 2.7044236 2.6711671 2.7261149 3.3666215 2.6241644 2.7673337 2.7552334 2.6468924 2.6940711 2.7498206 2.9639840 2.8002277 2.7363904 2.5669111 2.7472611 2.7472611 2.7472611 2.7472611 2.9460878 2.9085512 2.8288393 2.9460878 2.6437107 2.6140788 2.5768036 2.8570861 2.9812667 2.9311722 2.7060536 2.6138300 2.5530457 2.5385675 2.6750624 2.6904581 2.7730025 2.5427091 2.5840787 2.4882515 
13         1.5428386 1.5731981 1.6043161 1.6725248 1.7310312 2.1094849 1.0059687 1.0116728 1.0802883 0.3493328 0.3464209 0.1047806 0.0456485 0.0000000 0.0992914 0.2123202 0.3010335 0.4946510 0.5571520 0.5475284 0.5505463 0.5121024 0.7744690 0.7232393 0.7406005 0.7555994 0.8146933 1.6779344 1.4708858 1.5495653 1.5531965 1.5062330 1.5014470 1.4919328 1.6527749 1.3985762 1.3910294 1.6484721 1.7542415 2.1703914 1.7802224 2.7926746 2.7243262 2.6954652 2.7063001 2.7736472 2.7665083 2.8242953 2.8291140 2.8969013 2.8104757 2.7906920 2.8016804 2.7263377 2.7453628 2.9421193 2.8128379 2.7546084 2.7559123 2.9400478 2.7285005 2.5207947 2.6744005 2.8496686 2.5091385 2.5362703 2.7652381 2.4861684 2.9542255 2.7214830 2.8699956 2.5053006 2.7150839 2.6836149 2.5983567 3.5444570 2.7490294 2.6332798 2.7199470 3.3944363 2.6259555 2.7137622 2.7606428 2.6407203 2.6848259 2.7269438 2.9547228 2.7198366 2.6578143 2.6346285 2.8203340 2.8203340 2.8203340 2.8203340 2.9826707 2.9445499 2.8637675 2.9826707 2.7854221 2.7324321 2.6944408 2.7431059 2.8506107 2.8025303 2.7913155 2.7157655 2.6525666 2.6372507 2.7807817 2.7970874 2.6941129 2.4916209 2.4905927 2.4354546 
14         1.5992152 1.6491911 1.6305982 1.7469920 1.7124715 2.0204763 1.0620960 1.0523226 1.1034622 0.3507606 0.3538044 0.0639993 0.0985437 0.0992914 0.0000000 0.2053500 0.3164030 0.4811178 0.5166925 0.5334336 0.5381045 0.5200980 0.7782833 0.7158404 0.7541267 0.7508880 0.7882194 1.7206145 1.5021294 1.5414956 1.5451187 1.5017325 1.5008234 1.5137073 1.6985298 1.4850595 1.4850053 1.6794600 1.6781928 2.2092102 1.8307454 2.9220012 2.8669333 2.8602078 2.8862801 2.9233822 2.9239305 2.9321429 2.9596989 2.9858872 2.9176638 2.9186555 2.9195719 2.8855855 2.8924699 3.0600599 2.9842957 2.7401152 2.7369562 2.8679967 2.6805959 2.6498005 2.8166673 2.9777537 2.6640948 2.6932744 2.9724718 2.6315729 3.1658392 2.7613300 2.9517542 2.5010678 2.6765623 2.8012817 2.7773586 3.6794289 2.8805284 2.7344430 2.7310284 3.5050724 2.7478293 2.8032053 2.8332568 2.7625425 2.5866809 2.6511752 2.9561072 2.7515334 2.6817411 2.5711493 2.7297788 2.7297788 2.7297788 2.7297788 2.8783656 2.8453860 2.7722868 2.8783656 2.6573144 2.6433985 2.6279333 2.7194094 2.8746542 2.8299251 2.7135517 2.7850760 2.7148665 2.6990464 2.8197884 2.8364020 2.7077938 2.4591972 2.5250844 2.4415208 
15         1.5575013 1.5785498 1.6102300 1.8508742 1.7964161 2.1892435 1.1852243 1.1858139 1.1798374 0.3489265 0.3460005 0.2097763 0.2127031 0.2123202 0.2053500 0.0000000 0.3067204 0.4982993 0.5107880 0.5368890 0.5644104 0.5336718 0.7871314 0.7902854 0.8357784 0.7830388 0.9157483 1.7023806 1.6175362 1.6110442 1.6147397 1.5580074 1.5816189 1.5581677 1.6638761 1.5469115 1.5427918 1.7151533 1.6489065 2.3099811 1.9610970 3.0973513 3.0196332 2.9637278 3.0021015 3.0112420 3.0727232 3.0859918 3.1096940 3.2157598 3.1733263 3.1497371 2.9900680 2.9509124 2.9910695 3.3958119 3.1273375 3.0191839 2.9670974 3.1180413 3.0015059 2.9293331 3.1134858 3.2658926 2.8651787 2.8968729 3.1627354 2.7772535 3.4889679 3.2520883 3.5775410 2.9786955 3.1328140 3.1223372 2.9273201 4.0293987 3.1167972 2.7397831 2.8967941 3.1042057 2.6944308 2.8317502 3.0722364 3.0120085 2.5397232 2.7389609 2.8550539 2.7633167 2.7060868 2.3914375 2.5475430 2.5475430 2.5475430 2.5475430 2.7086280 2.6698038 2.6062584 2.7086280 2.5787011 2.5281619 2.5144970 2.8755512 3.0405249 2.9843403 2.8945222 2.8529925 2.7770771 2.7608490 2.9501472 2.9677067 2.6398468 2.3779421 2.5794881 2.5560430 
16         1.6188017 1.5947971 1.6733933 1.8730744 1.7802000 2.3042561 1.1637969 1.0768190 1.0442123 0.2901212 0.2880773 0.3059067 0.2991621 0.3010335 0.3164030 0.3067204 0.0000000 0.5565672 0.5823676 0.6305617 0.5246137 0.5005821 0.8085716 0.8390184 0.7990261 0.7876900 0.8576375 1.7511329 1.3248915 1.4037329 1.4071472 1.3315188 1.3227623 1.2899408 1.5331425 1.3581393 1.3723174 1.7047106 1.6237871 2.1053211 1.7745627 2.4755402 2.4269517 2.3673382 2.3908348 2.4261046 2.3850124 2.4055465 2.4135942 2.4364487 2.4420424 2.4260695 2.4087605 2.3568346 2.3704925 2.5436623 2.4967288 2.3722427 2.3425990 2.4293001 2.4561626 2.3086540 2.4561359 2.6757896 2.2563222 2.2952126 2.4456683 2.2572223 2.7566866 2.5098980 2.6516480 2.3745089 2.5628146 2.5000503 2.2264041 3.1328098 2.3360081 2.6025757 3.2619451 3.0840053 2.6975378 2.7825023 3.0063404 2.8720364 2.4939074 2.6479269 3.0816915 2.3970636 2.3443749 2.0664235 2.2628999 2.2628999 2.2628999 2.2628999 2.4116611 2.3822694 2.3149280 2.4116611 2.1538376 2.1235581 2.0888047 2.6562122 2.8686047 2.8216085 2.7435449 2.4775282 2.4253246 2.4121485 2.5765390 2.5907842 2.9744095 2.0631737 2.2562654 2.2357441 
17         1.7160942 1.6507128 1.7442844 1.4513547 1.7428060 2.1861276 1.3731179 1.2901565 1.2696284 0.4538247 0.4594584 0.4880167 0.5051518 0.4946510 0.4811178 0.4982993 0.5565672 0.0000000 0.5383765 0.5618942 0.6410588 0.5888959 0.7990340 0.7910712 0.8169605 0.8088989 0.7940179 1.9265052 1.8507692 1.8755349 1.8796372 1.8292327 1.8627910 1.8141234 1.9960749 1.5575851 1.5952830 1.6591440 1.5898863 2.4095760 1.9167956 3.2308949 3.1743183 3.1401483 3.1314911 3.1224642 3.1544536 3.2416511 3.2198809 3.2327413 3.1266730 3.1395706 3.2582615 3.0581503 3.0823469 3.5754752 3.5592079 2.8835243 2.8953093 3.0188195 3.1821873 3.0815645 3.2938517 3.5396309 3.2295751 3.2515553 3.6687096 2.9109236 3.7165865 3.1059803 3.2611161 3.0150252 3.0694780 3.1995532 3.2520241 3.7719585 3.2054190 2.5836209 2.8494155 3.4385651 2.7910968 2.8990093 2.7843459 2.7264046 2.5936738 2.8017486 2.8874661 2.9597764 2.8712009 2.5878091 2.8506194 2.8506194 2.8506194 2.8506194 2.8714741 2.8305809 2.7989586 2.8714741 2.7767823 2.7156624 2.7022170 2.9477826 3.2441228 3.1820228 3.0558665 2.8847224 2.8169568 2.8097801 2.9009218 2.9082984 2.9983232 2.5453507 2.4035618 2.5891902 
18         1.5931165 1.6083512 1.7532409 1.5355559 1.7663618 2.1852455 1.4796674 1.3489174 1.2870011 0.5314163 0.5272527 0.5252354 0.5566493 0.5571520 0.5166925 0.5107880 0.5823676 0.5383765 0.0000000 0.4911078 0.5310216 0.4941476 0.7479669 0.7315284 0.7364333 0.7086953 0.7923236 1.8009939 1.5797763 1.6146275 1.6183593 1.5448060 1.5616933 1.5560291 1.6125045 1.4637494 1.4804757 1.5157193 1.4192315 1.9287868 1.5257755 2.8613682 2.7812128 2.7961656 2.8209762 2.8462654 2.7169306 2.7256077 2.7556281 2.7329267 2.7892768 2.7902039 2.7343242 2.6491910 2.6492127 3.1641197 3.1465082 2.5922431 2.6188965 2.6402339 2.9673512 2.5681740 2.7244873 3.0086603 2.6692147 2.6743719 2.9526206 2.6079368 3.0018846 2.7585590 2.9206218 2.6892217 2.8401952 2.8137267 2.8676064 3.4104389 2.9274718 2.8561884 2.9742125 3.9913504 3.0779330 3.2703090 2.8037001 2.7005184 2.4434405 2.7452700 2.9383960 2.7069071 2.6455336 2.5509919 2.8813667 2.8813667 2.8813667 2.8813667 2.9332936 2.9104710 2.8361074 2.9332936 2.8270728 2.7551406 2.7492481 2.7369095 3.0053309 2.9586977 2.8667003 2.6999578 2.6194837 2.6228116 2.8063297 2.8027388 2.8311653 2.6015154 2.5658504 2.7008001 
19         1.6811945 1.8637819 1.8560509 1.6422218 1.7550436 2.2867446 1.3141496 1.2261389 1.1504178 0.4849151 0.4802858 0.5489332 0.5452057 0.5475284 0.5334336 0.5368890 0.6305617 0.5618942 0.4911078 0.0000000 0.4363575 0.3858175 0.7354847 0.8145774 0.8651448 0.7882348 0.8580014 1.8388044 1.4919310 1.4921810 1.4957009 1.4354039 1.4453563 1.4394068 1.5643071 1.4511351 1.4708406 1.6791172 1.4105835 2.0476251 1.6585011 2.4458392 2.4118946 2.3900636 2.4010067 2.4102228 2.4259076 2.5276024 2.4959613 2.5057297 2.5051506 2.4802146 2.4604655 2.4032048 2.4008987 2.8151168 2.6090983 2.2755053 2.2696855 2.3258452 2.4427602 2.3393650 2.5010605 2.7499504 2.4281923 2.4362918 2.7545152 2.3736734 2.7201187 2.6654087 2.8363858 2.4895304 2.6449087 2.6915584 2.6930822 3.1162197 2.5720242 2.6369151 2.6871389 3.4306310 2.6599614 2.8222387 2.5048529 2.3995223 2.3211608 2.5919021 2.8829520 2.6391041 2.5721875 2.5012112 2.9052476 2.9052476 2.9052476 2.9052476 2.9744946 2.9323495 2.8904939 2.9744946 2.7670699 2.6432845 2.6118946 2.7510596 3.0551009 3.0108978 2.7437847 2.9658387 2.8770529 2.8807595 3.0504066 3.0464734 3.2599503 2.6245519 2.5538311 2.5088518 
20         1.8668956 1.8216498 1.8716803 1.7948080 1.8973793 2.3300897 1.2042231 1.2581569 1.0757271 0.5291526 0.5254565 0.5634563 0.5450990 0.5505463 0.5381045 0.5644104 0.5246137 0.6410588 0.5310216 0.4363575 0.0000000 0.2976681 0.8756339 0.8149873 0.8000887 0.7674755 0.8518482 1.7922406 1.4103188 1.4937502 1.4972360 1.4107155 1.4375443 1.3807067 1.5700816 1.4435820 1.4472167 1.8016250 1.5893927 2.0644013 1.7061365 2.4722373 2.4409297 2.3942129 2.4135314 2.4449256 2.4197385 2.3653506 2.4324836 2.4003932 2.3979826 2.3986711 2.4299825 2.3941604 2.3985677 2.7320752 2.6371733 2.3270891 2.3007339 2.3528390 2.6068130 2.5528034 2.6817813 2.9038972 2.5011453 2.5452885 2.8982736 2.5642619 2.8854430 2.7208964 2.9331830 2.6051489 2.8074197 2.6320501 2.4435242 3.3813573 2.7527841 2.7009766 2.9174842 3.3583836 2.8180031 3.1764358 3.0407511 2.8686541 2.4781095 2.7190433 2.9954816 2.6952649 2.6200160 2.5390328 2.8445430 2.8445430 2.8445430 2.8445430 2.8807138 2.8325979 2.7898295 2.8807138 2.5495772 2.6022456 2.6106819 2.7634696 3.1818781 3.1395654 2.8362183 2.6981173 2.6308398 2.6160314 2.7133524 2.7286700 2.9651222 2.5355682 2.6456144 2.5045167 
21         1.6074741 1.7346844 1.7459909 1.7186795 1.7743341 2.1288859 1.2255489 1.1609032 1.0437357 0.4566335 0.4532669 0.5359841 0.5141833 0.5121024 0.5200980 0.5336718 0.5005821 0.5888959 0.4941476 0.3858175 0.2976681 0.0000000 0.8313058 0.8456289 0.8048602 0.7367933 0.7756531 1.5734244 1.2939164 1.2963192 1.2995526 1.2228230 1.2537217 1.2369748 1.4052771 1.2253992 1.2245560 1.5245074 1.4171862 2.1121324 1.5524931 2.2932874 2.2678135 2.2171358 2.2377653 2.2772564 2.2224687 2.2532378 2.3321562 2.2842246 2.2846782 2.2853149 2.2813983 2.2283571 2.2458776 2.4679418 2.3765046 2.1691291 2.1088874 2.1750576 2.1781778 2.3566836 2.4511037 2.6495117 2.2640407 2.2877833 2.6009728 2.4008275 2.7050035 2.5695276 2.6992762 2.3626470 2.5824667 2.3265489 2.3667497 3.0807862 2.3975695 2.6349587 2.8177337 3.4726563 2.8428872 3.0479440 2.8090837 2.7261572 2.5731621 2.7470645 2.8719652 2.4219192 2.3718022 2.3183431 2.5827363 2.5827363 2.5827363 2.5827363 2.6269369 2.6034311 2.5525454 2.6269369 2.5196562 2.4810074 2.4596933 2.7536753 3.1530896 3.1133794 2.7890284 2.7753533 2.6858442 2.6706872 2.7734225 2.7891481 2.8270999 2.8103586 2.9090823 2.6236703 
22         1.6192113 1.6412402 1.7298208 1.3934564 1.6094403 1.8225859 1.3701424 1.2547909 1.4048551 0.8007138 0.8112945 0.7970388 0.7645770 0.7744690 0.7782833 0.7871314 0.8085716 0.7990340 0.7479669 0.7354847 0.8756339 0.8313058 0.0000000 0.3838181 0.7344434 0.7444211 0.7608741 1.9129948 1.8733199 1.8554536 1.8595316 1.8786123 1.8821680 1.8080291 1.8806626 1.6442276 1.6429815 1.5740575 1.6447835 2.1048482 1.9324930 3.2550229 3.2347735 3.2633373 3.2639546 3.2460994 3.2664647 3.4404437 3.3483293 3.3261036 3.2925191 3.3207315 3.3323183 3.3425650 3.3292241 3.8344906 3.4794189 3.2770626 3.2848236 3.1857206 3.5556733 3.3474798 3.5641819 3.7866427 3.3026161 3.3405958 3.8816513 3.1636572 3.6077868 3.3664018 3.6832727 3.0873632 3.1919569 3.3709970 3.5709000 3.7498511 3.5822808 2.6202877 2.4840264 2.9839409 2.2854602 2.5502975 2.4825528 2.4144586 2.2462382 2.3888958 2.4626965 3.1029716 3.0631344 2.9065238 3.1616763 3.1616763 3.1616763 3.1616763 3.1664117 3.1510096 3.0802794 3.1664117 2.9580101 2.9559364 2.9385609 2.8272664 2.9947978 2.9552766 2.7764750 2.4743177 2.4251839 2.4281819 2.4723565 2.4693333 2.7434211 2.5143388 2.4591059 2.7740872 
23         1.6899190 1.6922182 1.7282380 1.3206053 1.5422166 1.9578905 1.5101298 1.2958497 1.4795880 0.8498751 0.8524731 0.7765805 0.7352475 0.7232393 0.7158404 0.7902854 0.8390184 0.7910712 0.7315284 0.8145774 0.8149873 0.8456289 0.3838181 0.0000000 0.7832185 0.8101310 0.7655908 1.7789859 1.6335469 1.7145512 1.7184316 1.6738311 1.6808184 1.5840705 1.6993294 1.5598341 1.5367732 1.6092502 1.5792110 2.1703119 1.8491154 3.1974947 3.1564073 3.1356994 3.1028196 3.1951360 3.2375245 3.2932449 3.2982371 3.3077675 3.2167673 3.2317137 3.2180752 3.1362374 3.1350547 3.5914724 3.3411729 3.0741241 3.0456784 3.0554156 3.4157813 3.0361229 3.2085466 3.5239010 3.1365434 3.1730684 3.6229106 3.1998043 3.5019816 3.1646779 3.4317166 2.8256816 3.0309596 3.1904920 3.3931167 3.7884465 3.5440033 2.5497121 2.4160115 2.9732137 2.2887402 2.5966445 2.5498971 2.4499000 2.3598762 2.5252885 2.5421380 3.0798123 2.9987451 2.6798026 3.0003359 3.0003359 3.0003359 3.0003359 2.9925550 2.9492367 2.8871792 2.9925550 2.8325138 2.7855412 2.7389221 2.6624053 2.8895887 2.8337082 2.6568038 2.4613623 2.4256475 2.4123180 2.5097224 2.5235792 2.5823620 2.4816041 2.2303351 2.3984007 
24         1.6483802 1.6831413 1.8848619 1.3890285 1.7020337 2.0127173 1.5409374 1.3336147 1.3274220 0.8019264 0.7963362 0.7607395 0.7501650 0.7406005 0.7541267 0.8357784 0.7990261 0.8169605 0.7364333 0.8651448 0.8000887 0.8048602 0.7344434 0.7832185 0.0000000 0.1802686 0.3660808 1.9296170 1.9588887 1.9762845 1.9805282 1.9835672 1.9701216 1.9202298 1.8696032 1.6470939 1.6621212 1.6253896 1.5860506 2.1423502 1.6704664 3.0356689 3.0548614 2.9966409 3.0075703 3.0166157 3.0197085 3.0121505 3.1044077 3.1044242 3.1192593 3.1582602 3.1059003 3.0006480 3.0479495 3.6358436 3.3396762 3.1505472 3.1843694 3.2461748 3.3270627 2.9121038 3.1443274 3.3723159 2.9002309 2.9074845 3.4823587 3.0528340 3.4171499 2.8409140 3.0538017 2.6794928 2.8047188 3.2218757 3.1545326 3.8816877 3.2938531 2.7216729 2.5490049 2.9490662 2.4542510 2.9184520 2.4271780 2.3939858 2.3870836 2.5468699 2.9818899 2.9734304 2.9117981 2.8403420 3.2273532 3.2273532 3.2273532 3.2273532 3.1793333 3.1637235 3.1418744 3.1793333 2.8394171 2.7632084 2.7349964 2.8621437 3.1447986 3.1037466 2.9278635 2.4859904 2.4429817 2.4459749 2.5641747 2.5610375 2.7264568 2.7023903 2.4718454 2.9458568 
25         1.6554090 1.8074680 1.8840903 1.4670659 1.7770545 2.1705075 1.4899937 1.4101796 1.3272041 0.8143911 0.8002433 0.7627500 0.7367081 0.7555994 0.7508880 0.7830388 0.7876900 0.8088989 0.7086953 0.7882348 0.7674755 0.7367933 0.7444211 0.8101310 0.1802686 0.0000000 0.3531617 1.9564051 1.8671168 1.9367446 1.9409367 1.9082395 1.9100817 1.8345956 1.8186258 1.6873399 1.6885852 1.6031791 1.5114310 2.1312105 1.6713542 3.0736105 3.0807269 3.0222392 3.0335847 3.0547675 3.0148141 2.9841721 3.1069559 3.1036876 3.0638932 3.1016886 3.1990752 3.0382115 3.0818700 3.4663008 3.2968433 3.2342146 3.2731212 3.3648194 3.4267553 3.1741790 3.4010960 3.7023955 3.0876228 3.1228809 3.5644446 3.1739745 3.6421244 2.9557785 3.1601717 2.8192573 3.0244090 3.3074841 3.2982279 3.9612822 3.3549820 2.8791146 2.6644548 3.1728198 2.4915698 2.8770917 2.4823909 2.4186374 2.5109476 2.6372754 3.1020906 2.8642516 2.8069798 2.9485024 3.2992948 3.2992948 3.2992948 3.2992948 3.2427351 3.2407172 3.2091796 3.2427351 2.9795839 2.9246676 2.8805364 2.9998673 3.2852483 3.2565479 2.8367613 2.5781157 2.5433165 2.5292927 2.6292554 2.6438219 2.9416853 2.9230350 2.6165119 3.0243657 
26         1.6797212 1.7364163 1.7603422 1.4026574 1.6311911 2.0740125 1.4659045 1.4439417 1.4128647 0.8426815 0.8176673 0.8490998 0.8006327 0.8146933 0.7882194 0.9157483 0.8576375 0.7940179 0.7923236 0.8580014 0.8518482 0.7756531 0.7608741 0.7655908 0.3660808 0.3531617 0.0000000 1.8933466 1.7752411 1.7482363 1.7521645 1.7423814 1.7676125 1.6941339 1.6912331 1.5754500 1.6074042 1.6944206 1.5717985 2.1980423 1.7359829 3.1420776 3.1547823 3.0316209 2.9957491 3.0655811 3.0489232 2.9698158 2.9850586 2.9855095 2.9132422 2.9483734 3.0242595 2.9483090 2.9673458 3.1851061 3.2018520 3.1672637 3.2025593 3.2652559 3.4642797 3.1862788 3.4443009 3.6994357 3.3183962 3.3291735 3.7480228 3.2309363 3.3747356 2.9201014 3.1282483 2.7129094 2.8762545 3.6186928 3.3609715 3.6265055 3.2999314 3.1181652 2.5873589 3.2388030 2.7942769 3.0484753 2.6476550 2.6825592 2.6027443 2.8380624 3.0010573 2.7729047 2.6984356 2.8612760 3.2395515 3.2395515 3.2395515 3.2395515 3.3311667 3.3091581 3.2430470 3.3311667 3.0310464 2.9787753 2.9101933 2.8772640 3.0526229 3.0065272 2.8243738 2.5741035 2.5391783 2.5423293 2.6576420 2.6543520 2.8611691 2.8058920 2.4940550 2.8777417 
27         2.2002207 2.1931315 2.2631038 2.5613681 2.4370074 2.6742363 2.1944921 2.1804413 2.2362388 1.6520236 1.6467558 1.6881146 1.6104307 1.6779344 1.7206145 1.7023806 1.7511329 1.9265052 1.8009939 1.8388044 1.7922406 1.5734244 1.9129948 1.7789859 1.9296170 1.9564051 1.8933466 0.0000000 0.5860172 0.6208794 0.6207159 0.6106055 0.6045072 0.5946560 0.5779980 0.7010166 0.6804049 0.8758185 1.0110711 1.3576823 1.1225271 4.1868661 4.1684159 4.0568426 4.0076433 4.0777766 4.1271216 3.9159111 4.0552286 4.0433910 4.0777690 4.0795765 4.0452476 3.9411607 4.0207198 4.4069717 4.1995462 3.6248458 3.6665085 3.5780493 3.7641744 3.5038668 3.6644962 3.7946503 3.7928415 3.8065152 3.9988022 3.6007177 4.6389525 3.8150837 4.0385344 3.8440237 3.8422755 3.9109115 3.6707532 4.1998033 4.0519853 3.5832719 3.6073224 3.5319307 3.2623129 3.4218663 3.5539141 3.4805966 3.1868243 3.2466693 3.2660808 3.0011049 2.9251150 2.7897090 2.7897090 2.7897090 2.7897090 2.7897090 2.8097867 2.7814918 2.7468565 2.8097867 2.6308544 2.6699986 2.6093233 2.8836262 3.0304631 2.9899193 3.0020309 2.8360382 2.7651151 2.7825027 2.9900936 2.9712313 3.2086025 2.8453091 2.9920203 3.0205591 
28         2.1030779 2.1585578 2.2174583 2.4037801 2.2902061 2.6694866 1.9400053 1.8126057 1.8844152 1.4508543 1.4375843 1.5003931 1.4864857 1.4708858 1.5021294 1.6175362 1.3248915 1.8507692 1.5797763 1.4919310 1.4103188 1.2939164 1.8733199 1.6335469 1.9588887 1.8671168 1.7752411 0.5860172 0.0000000 0.1124985 0.1138798 0.1036911 0.1058413 0.0657146 0.3416493 0.5678913 0.5581558 0.7417907 0.8849550 1.2918054 1.0014873 3.6064020 3.5563371 3.5061235 3.4917803 3.5782343 3.5742329 3.5432489 3.6074900 3.6169905 3.7046119 3.6601935 3.4098989 3.4673765 3.5056171 4.2786112 3.6950430 3.3140461 3.3672855 3.5000573 3.5621985 3.5265856 3.7245637 3.9292707 3.3772179 3.4135547 3.8353254 3.4276182 3.8335660 3.3749236 3.6632595 3.6781634 3.6266703 3.4692807 3.3417046 3.9336333 3.4666859 4.2404880 3.6848361 3.6823807 3.1294407 3.3787574 4.0670013 3.8245347 3.6558281 3.4784791 2.9524262 2.6890045 2.6109350 2.9540463 2.9540463 2.9540463 2.9540463 2.9540463 3.0402698 3.0098476 2.9582847 3.0402698 3.0206602 3.0407566 2.9871960 2.9801703 3.1533203 3.1373522 3.0097618 2.9960466 2.9431279 2.9244604 3.0911190 3.1109290 3.3561818 2.9681174 3.1187921 3.1324634 
29         2.1861939 2.2634286 2.2838840 2.3486685 2.3921263 2.5383265 1.9464849 1.8464047 1.8574446 1.4814634 1.4384057 1.5773214 1.5288984 1.5495653 1.5414956 1.6110442 1.4037329 1.8755349 1.6146275 1.4921810 1.4937502 1.2963192 1.8554536 1.7145512 1.9762845 1.9367446 1.7482363 0.6208794 0.1124985 0.0000000 0.0000010 0.0376329 0.0369164 0.0896896 0.3509697 0.5627897 0.5547956 0.7507443 0.9156990 1.3037189 1.0075483 3.5340369 3.4773314 3.4621633 3.4050480 3.4878476 3.4866619 3.5174734 3.5601254 3.5398591 3.5453948 3.5622995 3.3510055 3.4072702 3.4314173 4.0408588 3.5984381 3.2254629 3.2768082 3.4660804 3.5609772 3.5947658 3.7574991 4.0365469 3.4452456 3.4976265 3.9568117 3.4327502 3.9618792 3.3894060 3.6474217 3.4872502 3.4127439 3.4293675 3.3173121 4.0577817 3.4213927 4.0852034 3.5913943 3.5978170 3.0367744 3.2393626 3.8430962 3.6554236 3.5092171 3.5406007 2.8884465 2.5190968 2.4462467 2.9748326 2.9748326 2.9748326 2.9748326 2.9748326 3.1023017 3.0712286 3.0129562 3.1023017 2.9983525 3.0113026 2.9725009 2.9736112 3.1260856 3.1101003 2.8605989 2.8680249 2.8168565 2.7992993 2.9657742 2.9844712 3.2874968 2.9686046 3.1286163 3.0769708 
30         2.1879475 2.2651665 2.2856276 2.3534731 2.3938499 2.5451761 1.9441846 1.8444128 1.8554363 1.4849691 1.4418488 1.5809940 1.5325000 1.5531965 1.5451187 1.6147397 1.4071472 1.8796372 1.6183593 1.4957009 1.4972360 1.2995526 1.8595316 1.7184316 1.9805282 1.9409367 1.7521645 0.6207159 0.1138798 0.0000010 0.0000000 0.0375681 0.0368530 0.0902725 0.3512889 0.5634952 0.5555030 0.7482101 0.9147720 1.3078916 1.0110510 3.5189915 3.4626203 3.4475874 3.3909171 3.4730874 3.4718818 3.5024524 3.5447358 3.5246345 3.5301369 3.5469004 3.3373080 3.3931282 3.4170952 4.0215096 3.5822898 3.2267428 3.2780467 3.4671551 3.5619697 3.5957680 3.7582871 4.0370576 3.4463360 3.4986677 3.9574213 3.4338709 3.9624552 3.3907698 3.6474217 3.4883259 3.4138823 3.4157488 3.3028626 4.0370035 3.4068908 4.0649577 3.5978840 3.5817621 3.0239222 3.2262583 3.8230565 3.6365530 3.4930855 3.5241409 2.8941413 2.5105600 2.4380904 2.9631116 2.9631116 2.9631116 2.9631116 2.9631116 3.0899026 3.0590110 3.0009950 3.0899026 2.9860873 2.9989756 2.9602851 2.9618194 3.1134195 3.0974482 2.8498747 2.8571425 2.8062037 2.7887668 2.9542629 2.9728287 3.2733530 2.9570478 3.1299421 3.0643826 
31         2.1585655 2.2050874 2.2607329 2.3640434 2.3454745 2.4918555 1.9781607 1.8752641 1.7780275 1.4263916 1.3889051 1.5390496 1.4975671 1.5062330 1.5017325 1.5580074 1.3315188 1.8292327 1.5448060 1.4354039 1.4107155 1.2228230 1.8786123 1.6738311 1.9835672 1.9082395 1.7423814 0.6106055 0.1036911 0.0376329 0.0375681 0.0000000 0.0157692 0.0834967 0.3486905 0.5650139 0.5598920 0.7565816 0.8940830 1.2980111 0.9909395 3.4168827 3.3619699 3.3187329 3.2786227 3.3571690 3.3839419 3.4604188 3.4541922 3.4347880 3.4401673 3.4563300 3.2540221 3.2778048 3.3439210 3.9967581 3.5170529 3.0455249 3.0928168 3.2672077 3.3995440 3.4469227 3.5913341 3.7560064 3.2797135 3.3288805 3.8352577 3.2655473 3.7710113 3.1963272 3.4177537 3.2699255 3.2059173 3.3550166 3.2251458 3.8770182 3.1226792 3.9278919 3.7008364 3.4948979 3.0498767 3.1933783 4.0022980 3.7993855 3.5167047 3.5330980 2.9041242 2.5245994 2.4516131 2.9818568 2.9818568 2.9818568 2.9818568 2.9818568 3.0936497 3.0626455 3.0223812 3.0936497 2.9874848 3.0228902 2.9815975 2.9133680 3.0964401 3.0803893 2.9721239 2.9212360 2.8526506 2.8347440 2.9683506 2.9871110 3.3318666 2.8440261 3.0378755 2.9186562 
32         2.1715121 2.2694428 2.3129858 2.3824312 2.3457976 2.4824952 1.9339892 1.8457859 1.7346128 1.4458169 1.4076728 1.5159467 1.4871910 1.5014470 1.5008234 1.5816189 1.3227623 1.8627910 1.5616933 1.4453563 1.4375443 1.2537217 1.8821680 1.6808184 1.9701216 1.9100817 1.7676125 0.6045072 0.1058413 0.0369164 0.0368530 0.0157692 0.0000000 0.0834469 0.3439598 0.5763703 0.5711634 0.7503324 0.8895021 1.2876581 0.9800589 3.4441707 3.3888248 3.3450500 3.3044828 3.3839066 3.3978477 3.4747391 3.4685176 3.4490009 3.4544005 3.4706600 3.2671770 3.2911010 3.3575807 4.0420809 3.5544684 3.0812748 3.1293483 3.3065996 3.4886549 3.4713043 3.6501829 3.8363260 3.3459480 3.3964194 3.9029399 3.3046461 3.8137604 3.2423289 3.4720290 3.3239055 3.2712008 3.3365094 3.2856608 4.0033714 3.1642978 4.0358991 3.7211966 3.5040954 3.0017900 3.2271830 4.0068209 3.8208993 3.5384288 3.5248402 2.9212491 2.5658506 2.4915139 2.9326710 2.9326710 2.9326710 2.9326710 2.9326710 3.0607154 3.0300577 2.9722853 3.0607154 2.9065782 2.9408696 2.8999781 2.9138021 3.0777794 3.0617303 2.9413227 2.8665071 2.8152295 2.7976421 2.9408062 2.9593367 3.3738845 2.8578305 3.0396673 2.8542874 
33         2.0720999 2.1328615 2.1250208 2.3863260 2.3565548 2.5254876 1.9830322 1.8837098 1.8943480 1.3951053 1.3655858 1.5299424 1.4761439 1.4919328 1.5137073 1.5581677 1.2899408 1.8141234 1.5560291 1.4394068 1.3807067 1.2369748 1.8080291 1.5840705 1.9202298 1.8345956 1.6941339 0.5946560 0.0657146 0.0896896 0.0902725 0.0834967 0.0834469 0.0000000 0.3328340 0.5436750 0.5373170 0.7300059 0.8436046 1.2682859 0.9703754 3.2860614 3.2401512 3.1966165 3.1838499 3.2171440 3.2019455 3.2708755 3.2660959 3.2742594 3.3056610 3.2681507 3.0863969 3.1359049 3.1690998 3.7606883 3.3673592 2.9744576 3.0200462 3.1754308 3.2679203 3.1617696 3.3149587 3.4972736 3.0949385 3.1277284 3.4939831 3.0688784 3.5598988 3.1417806 3.3197802 3.3080235 3.2345077 3.1728243 3.0258107 3.6435004 3.0387108 3.9050835 3.6412765 3.3727038 3.0986974 3.2746286 3.7795835 3.6079862 3.5049400 3.4166766 2.6963174 2.6482399 2.5714996 2.8411712 2.8411712 2.8411712 2.8411712 2.8411712 2.9551758 2.9256654 2.8750479 2.9551758 2.8883479 2.9076326 2.8577569 2.8804452 3.0246480 3.0085709 2.8875624 3.0287954 2.9753217 2.9563275 3.1123842 3.1324420 3.1902176 2.9960125 3.0567253 2.9592562 
